          Number of sublattices: 4

     Tau(1)     .000     .000     .000
     Tau(2)     .000    2.588    2.688
     Tau(3)    2.588    2.588    5.375
     Tau(4)    2.588     .000    8.063
       A(1)    5.175     .000     .000
       A(2)     .000    5.175     .000
       A(3)     .000     .000   10.750
       B(1)    1.214     .000     .000
       B(2)     .000    1.214     .000
       B(3)     .000     .000     .585

          Convergence factor:   .50

          Volume of unit cell:287.892

          LMAX= 12   UMAX0 50.0



          Q =    .000      .000      .292


          ( 1; 1)
           9.3819       .0000       .0000                 .0000       .0000       .0000
            .0000      9.3819       .0000                 .0000       .0000       .0000
            .0000       .0000    -18.7668                 .0000       .0000       .0000

          ( 1; 2)
          -2.9666       .0000       .0000               -2.9660       .0000       .0000
            .0000      5.5190       .0003                 .0000      5.5178       .0003
            .0000       .0003     -2.5521                 .0000       .0003     -2.5516

          ( 1; 3)
            .0001       .0000       .0000                -.0001       .0000       .0000
            .0000       .0001       .0000                 .0000      -.0001       .0000
            .0000       .0000      -.0002                 .0000       .0000       .0002

          ( 2; 3)
           5.5190       .0000       .0003                5.5178       .0000       .0003
            .0000     -2.9666       .0000                 .0000     -2.9660       .0000
            .0003       .0000     -2.5521                 .0003       .0000     -2.5516

          ( 1; 4)
           5.5204       .0000      -.0003               -5.5185       .0000       .0003
            .0000     -2.9675       .0000                 .0000      2.9664       .0000
           -.0003       .0000     -2.5545                 .0003       .0000      2.5530

          ( 2; 4)
            .0001       .0000       .0000                -.0001       .0000       .0000
            .0000       .0001       .0000                 .0000      -.0001       .0000
            .0000       .0000      -.0002                 .0000       .0000       .0002

          ( 3; 4)
          -2.9666       .0000       .0000               -2.9660       .0000       .0000
            .0000      5.5190      -.0003                 .0000      5.5178      -.0003
            .0000      -.0003     -2.5521                 .0000      -.0003     -2.5516


          Q =    .000      .000      .877


          ( 1; 1)
           9.3819       .0000       .0000                 .0000       .0000       .0000
            .0000      9.3819       .0000                 .0000       .0000       .0000
            .0000       .0000    -18.7668                 .0000       .0000       .0000

          ( 1; 2)
           2.9661       .0000       .0000               -2.9665       .0000       .0000
            .0000     -5.5181      -.0003                 .0000      5.5188       .0003
            .0000      -.0003      2.5517                 .0000       .0003     -2.5520

          ( 1; 3)
           -.0001       .0000       .0000                 .0001       .0000       .0000
            .0000      -.0001       .0000                 .0000       .0001       .0000
            .0000       .0000       .0002                 .0000       .0000      -.0002

          ( 2; 3)
          -5.5181       .0000      -.0003                5.5188       .0000       .0003
            .0000      2.9661       .0000                 .0000     -2.9665       .0000
           -.0003       .0000      2.5517                 .0003       .0000     -2.5520

          ( 1; 4)
          -5.5181       .0000       .0003               -5.5208       .0000       .0003
            .0000      2.9661       .0000                 .0000      2.9678       .0000
            .0003       .0000      2.5523                 .0003       .0000      2.5553

          ( 2; 4)
           -.0001       .0000       .0000                 .0001       .0000       .0000
            .0000      -.0001       .0000                 .0000       .0001       .0000
            .0000       .0000       .0002                 .0000       .0000      -.0002

          ( 3; 4)
           2.9661       .0000       .0000               -2.9665       .0000       .0000
            .0000     -5.5181       .0003                 .0000      5.5188      -.0003
            .0000       .0003      2.5517                 .0000      -.0003     -2.5520
